[[79.04293884]] --- (0.2, 0.6, 0, 0, 0.2)
[[79.0608116]] --- (0.1, 0.6, 0, 0, 0.3)
[[79.09770355]] --- (0.2, 0.6, 0, 0.1, 0.1)
[[79.11688106]] --- (0.1, 0.6, 0, 0.1, 0.2)
[[79.17422097]] --- (0.2, 0.6, 0, 0.2, 0)
[[79.19470324]] --- (0.1, 0.6, 0, 0.2, 0.1)
[[79.29427814]] --- (0.1, 0.6, 0, 0.3, 0)
[[79.4210611]] --- (0.1, 0.6, 0.1, 0, 0.2)
[[79.46673006]] --- (0.2, 0.6, 0.1, 0, 0.1)
[[79.48452032]] --- (0.1, 0.6, 0.1, 0.1, 0.1)
[[79.52888453]] --- (0.2, 0.6, 0.1, 0.1, 0)
[[79.56973226]] --- (0.1, 0.6, 0.1, 0.2, 0)
[[79.65263137]] --- (0.3, 0.5, 0, 0, 0.2)
[[79.69529534]] --- (0.3, 0.5, 0, 0.1, 0.1)
[[79.75971202]] --- (0.3, 0.5, 0, 0.2, 0)
[[80.08998363]] --- (0.1, 0.6, 0.2, 0, 0.1)
[[80.13970467]] --- (0.3, 0.5, 0.1, 0, 0.1)
[[80.16083261]] --- (0.1, 0.6, 0.2, 0.1, 0)
[[80.1897584]] --- (0.3, 0.5, 0.1, 0.1, 0)
[[80.19023429]] --- (0, 0.7, 0, 0, 0.3)
[[80.19919431]] --- (0.2, 0.6, 0.2, 0, 0)
[[80.20215256]] --- (0.2, 0.5, 0, 0, 0.3)
[[80.24612128]] --- (0.2, 0.5, 0, 0.1, 0.2)
[[80.2584045]] --- (0, 0.7, 0, 0.1, 0.2)
[[80.26405051]] --- (0.3, 0.6, 0, 0, 0.1)
[[80.31184272]] --- (0.2, 0.5, 0, 0.2, 0.1)
[[80.31751046]] --- (0.3, 0.6, 0, 0.1, 0)
[[80.31766879]] --- (0, 0.6, 0, 0, 0.4)
[[80.34209462]] --- (0.4, 0.5, 0, 0, 0.1)
[[80.34832742]] --- (0, 0.7, 0, 0.2, 0.1)
[[80.37504301]] --- (0, 0.6, 0, 0.1, 0.3)
[[80.38345383]] --- (0.4, 0.5, 0, 0.1, 0)
[[80.39931687]] --- (0.2, 0.5, 0, 0.3, 0)
[[80.45416994]] --- (0, 0.6, 0, 0.2, 0.2)
[[80.46000306]] --- (0, 0.7, 0, 0.3, 0)
[[80.48720171]] --- (0, 0.7, 0.1, 0, 0.2)
[[80.5550496]] --- (0, 0.6, 0, 0.3, 0.1)
[[80.56276168]] --- (0, 0.7, 0.1, 0.1, 0.1)
[[80.61437657]] --- (0, 0.6, 0.1, 0, 0.3)
[[80.62568414]] --- (0.2, 0.5, 0.1, 0, 0.2)
[[80.66007436]] --- (0, 0.7, 0.1, 0.2, 0)
[[80.67704262]] --- (0.2, 0.5, 0.1, 0.1, 0.1)
[[80.67768196]] --- (0, 0.6, 0, 0.4, 0)
[[80.67914055]] --- (0, 0.6, 0.1, 0.1, 0.2)
[[80.70400995]] --- (0.1, 0.7, 0, 0, 0.2)
[[80.75015381]] --- (0.2, 0.5, 0.1, 0.2, 0)
[[80.75138345]] --- (0.3, 0.6, 0.1, 0, 0)
[[80.76565724]] --- (0, 0.6, 0.1, 0.2, 0.1)
[[80.77087541]] --- (0.1, 0.7, 0, 0.1, 0.1)
[[80.85949358]] --- (0.1, 0.7, 0, 0.2, 0)
[[80.87392666]] --- (0, 0.6, 0.1, 0.3, 0)
[[80.89270964]] --- (0.4, 0.5, 0.1, 0, 0)
[[80.935451]] --- (0.3, 0.5, 0.2, 0, 0)
[[81.06451909]] --- (0.1, 0.7, 0.1, 0, 0.1)
[[81.06757919]] --- (0.1, 0.6, 0.3, 0, 0)
[[81.09284216]] --- (0, 0.7, 0.2, 0, 0.1)
[[81.13877431]] --- (0.1, 0.7, 0.1, 0.1, 0)
[[81.17579189]] --- (0, 0.7, 0.2, 0.1, 0)
[[81.21975738]] --- (0, 0.6, 0.2, 0, 0.2)
[[81.29191112]] --- (0, 0.6, 0.2, 0.1, 0.1)
[[81.35788874]] --- (0.2, 0.5, 0.2, 0, 0.1)
[[81.38581757]] --- (0, 0.6, 0.2, 0.2, 0)
[[81.41663698]] --- (0.2, 0.5, 0.2, 0.1, 0)
[[81.73370127]] --- (0.1, 0.7, 0.2, 0, 0)
[[81.99065817]] --- (0.1, 0.5, 0, 0, 0.4)
[[82.00715564]] --- (0, 0.7, 0.3, 0, 0)
[[82.03593165]] --- (0.1, 0.5, 0, 0.1, 0.3)
[[82.10295784]] --- (0.1, 0.5, 0, 0.2, 0.2)
[[82.13381122]] --- (0, 0.6, 0.3, 0, 0.1)
[[82.19173675]] --- (0.1, 0.5, 0, 0.3, 0.1)
[[82.21335472]] --- (0, 0.6, 0.3, 0.1, 0)
[[82.2705423]] --- (0.5, 0.5, 0, 0, 0)
[[82.30226837]] --- (0.1, 0.5, 0, 0.4, 0)
[[82.35064803]] --- (0.1, 0.5, 0.1, 0, 0.3)
[[82.39876638]] --- (0.2, 0.5, 0.3, 0, 0)
[[82.40331127]] --- (0.1, 0.5, 0.1, 0.1, 0.2)
[[82.45677005]] --- (0.2, 0.7, 0, 0, 0.1)
[[82.47772722]] --- (0.1, 0.5, 0.1, 0.2, 0.1)
[[82.52233075]] --- (0.2, 0.7, 0, 0.1, 0)
[[82.53308756]] --- (0.4, 0.4, 0, 0, 0.2)
[[82.56365078]] --- (0.4, 0.4, 0, 0.1, 0.1)
[[82.57389589]] --- (0.1, 0.5, 0.1, 0.3, 0)
[[82.61596672]] --- (0.4, 0.4, 0, 0.2, 0)
[[82.69090238]] --- (0.5, 0.4, 0, 0, 0.1)
[[82.72016085]] --- (0.5, 0.4, 0, 0.1, 0)
[[82.72414661]] --- (0.4, 0.6, 0, 0, 0)
[[82.88082091]] --- (0.2, 0.7, 0.1, 0, 0)
[[83.01931092]] --- (0.1, 0.5, 0.2, 0, 0.2)
[[83.07936392]] --- (0.1, 0.5, 0.2, 0.1, 0.1)
[[83.08344294]] --- (0.4, 0.4, 0.1, 0, 0.1)
[[83.12139592]] --- (0.4, 0.4, 0.1, 0.1, 0)
[[83.16116963]] --- (0.1, 0.5, 0.2, 0.2, 0)
[[83.30479948]] --- (0.5, 0.4, 0.1, 0, 0)
[[83.35653809]] --- (0, 0.6, 0.4, 0, 0)
[[83.61425717]] --- (0.3, 0.4, 0, 0, 0.3)
[[83.64612515]] --- (0.3, 0.4, 0, 0.1, 0.2)
[[83.69974584]] --- (0.3, 0.4, 0, 0.2, 0.1)
[[83.77511925]] --- (0.3, 0.4, 0, 0.3, 0)
[[83.94247134]] --- (0.4, 0.4, 0.2, 0, 0)
[[83.99664684]] --- (0.1, 0.5, 0.3, 0, 0.1)
[[84.06408959]] --- (0.1, 0.5, 0.3, 0.1, 0)
[[84.08770164]] --- (0.6, 0.4, 0, 0, 0)
[[84.10107083]] --- (0.3, 0.4, 0.1, 0, 0.2)
[[84.14032856]] --- (0.3, 0.4, 0.1, 0.1, 0.1)
[[84.20133901]] --- (0.3, 0.4, 0.1, 0.2, 0)
[[84.63584472]] --- (0, 0.8, 0, 0, 0.2)
[[84.71481092]] --- (0, 0.8, 0, 0.1, 0.1)
[[84.81552983]] --- (0, 0.8, 0, 0.2, 0)
[[84.89655751]] --- (0.3, 0.4, 0.2, 0, 0.1)
[[84.93307178]] --- (0, 0.8, 0.1, 0, 0.1)
[[84.94320501]] --- (0.3, 0.4, 0.2, 0.1, 0)
[[85.01814822]] --- (0, 0.5, 0, 0, 0.5)
[[85.01942774]] --- (0, 0.8, 0.1, 0.1, 0)
[[85.06472645]] --- (0, 0.5, 0, 0.1, 0.4)
[[85.1330574]] --- (0, 0.5, 0, 0.2, 0.3)
[[85.22314106]] --- (0, 0.5, 0, 0.3, 0.2)
[[85.28265578]] --- (0.1, 0.5, 0.4, 0, 0)
[[85.31459636]] --- (0, 0.5, 0.1, 0, 0.4)
[[85.33497744]] --- (0, 0.5, 0, 0.4, 0.1)
[[85.36856435]] --- (0, 0.5, 0.1, 0.1, 0.3)
[[85.44428506]] --- (0, 0.5, 0.1, 0.2, 0.2)
[[85.44851458]] --- (0.3, 0.7, 0, 0, 0)
[[85.46856654]] --- (0, 0.5, 0, 0.5, 0)
[[85.53897188]] --- (0, 0.8, 0.2, 0, 0)
[[85.54175848]] --- (0, 0.5, 0.1, 0.3, 0.1)
[[85.66098462]] --- (0, 0.5, 0.1, 0.4, 0)
[[85.91971753]] --- (0, 0.5, 0.2, 0, 0.3)
[[85.93441121]] --- (0.2, 0.4, 0, 0, 0.4)
[[85.96758394]] --- (0.2, 0.4, 0, 0.1, 0.3)
[[85.98107528]] --- (0, 0.5, 0.2, 0.1, 0.2)
[[86.00071722]] --- (0.3, 0.4, 0.3, 0, 0)
[[86.02250939]] --- (0.2, 0.4, 0, 0.2, 0.2)
[[86.06418574]] --- (0, 0.5, 0.2, 0.2, 0.1)
[[86.09918755]] --- (0.2, 0.4, 0, 0.3, 0.1)
[[86.16904893]] --- (0, 0.5, 0.2, 0.3, 0)
[[86.19761843]] --- (0.2, 0.4, 0, 0.4, 0)
[[86.35768315]] --- (0.2, 0.4, 0.1, 0, 0.3)
[[86.39824564]] --- (0.2, 0.4, 0.1, 0.1, 0.2)
[[86.46056085]] --- (0.2, 0.4, 0.1, 0.2, 0.1)
[[86.54462877]] --- (0.2, 0.4, 0.1, 0.3, 0)
[[86.83351173]] --- (0, 0.5, 0.3, 0, 0.2)
[[86.90225924]] --- (0, 0.5, 0.3, 0.1, 0.1)
[[86.92025324]] --- (0.1, 0.8, 0, 0, 0.1)
[[86.99275946]] --- (0, 0.5, 0.3, 0.2, 0)
[[86.99791468]] --- (0.1, 0.8, 0, 0.1, 0)
[[87.08962811]] --- (0.2, 0.4, 0.2, 0, 0.2)
[[87.13758036]] --- (0.2, 0.4, 0.2, 0.1, 0.1)
[[87.20728533]] --- (0.2, 0.4, 0.2, 0.2, 0)
[[87.28102202]] --- (0.1, 0.8, 0.1, 0, 0)
[[87.3104738]] --- (0.6, 0.3, 0, 0, 0.1)
[[87.32763152]] --- (0.6, 0.3, 0, 0.1, 0)
[[87.6843074]] --- (0.5, 0.3, 0, 0, 0.2)
[[87.70276988]] --- (0.5, 0.3, 0, 0.1, 0.1)
[[87.74298507]] --- (0.5, 0.3, 0, 0.2, 0)
[[87.98765297]] --- (0.6, 0.3, 0.1, 0, 0)
[[88.05597895]] --- (0, 0.5, 0.4, 0, 0.1)
[[88.13024611]] --- (0.2, 0.4, 0.3, 0, 0.1)
[[88.13211622]] --- (0, 0.5, 0.4, 0.1, 0)
[[88.17562463]] --- (0.7, 0.3, 0, 0, 0)
[[88.18558812]] --- (0.2, 0.4, 0.3, 0.1, 0)
[[88.29794485]] --- (0.5, 0.3, 0.1, 0, 0.1)
[[88.32379709]] --- (0.5, 0.3, 0.1, 0.1, 0)
[[89.22025533]] --- (0.5, 0.3, 0.2, 0, 0)
[[89.29712543]] --- (0.4, 0.3, 0, 0, 0.3)
[[89.31689267]] --- (0.4, 0.3, 0, 0.1, 0.2)
[[89.35841261]] --- (0.4, 0.3, 0, 0.2, 0.1)
[[89.42168528]] --- (0.4, 0.3, 0, 0.3, 0)
[[89.47953713]] --- (0.2, 0.4, 0.4, 0, 0)
[[89.49354968]] --- (0.1, 0.4, 0, 0, 0.5)
[[89.52802717]] --- (0.1, 0.4, 0, 0.1, 0.4)
[[89.58425737]] --- (0.1, 0.4, 0, 0.2, 0.3)
[[89.58711921]] --- (0, 0.5, 0.5, 0, 0)
[[89.66224029]] --- (0.1, 0.4, 0, 0.3, 0.2)
[[89.76197592]] --- (0.1, 0.4, 0, 0.4, 0.1)
[[89.84722117]] --- (0.4, 0.3, 0.1, 0, 0.2)
[[89.8532799]] --- (0.1, 0.4, 0.1, 0, 0.4)
[[89.87437816]] --- (0.4, 0.3, 0.1, 0.1, 0.1)
[[89.88346428]] --- (0.1, 0.4, 0, 0.5, 0)
[[89.89514714]] --- (0.1, 0.4, 0.1, 0.1, 0.3)
[[89.92328787]] --- (0.4, 0.3, 0.1, 0.2, 0)
[[89.95876711]] --- (0.1, 0.4, 0.1, 0.2, 0.2)
[[90.04413979]] --- (0.1, 0.4, 0.1, 0.3, 0.1)
[[90.15126518]] --- (0.1, 0.4, 0.1, 0.4, 0)
[[90.44364619]] --- (0.2, 0.8, 0, 0, 0)
[[90.52168315]] --- (0.1, 0.4, 0.2, 0, 0.3)
[[90.57094015]] --- (0.1, 0.4, 0.2, 0.1, 0.2)
[[90.64194987]] --- (0.1, 0.4, 0.2, 0.2, 0.1)
[[90.70598993]] --- (0.4, 0.3, 0.2, 0, 0.1)
[[90.73471231]] --- (0.1, 0.4, 0.2, 0.3, 0)
[[90.74053668]] --- (0.4, 0.3, 0.2, 0.1, 0)
[[91.49875942]] --- (0.1, 0.4, 0.3, 0, 0.2)
[[91.55540619]] --- (0.1, 0.4, 0.3, 0.1, 0.1)
[[91.63380567]] --- (0.1, 0.4, 0.3, 0.2, 0)
[[91.87343172]] --- (0.4, 0.3, 0.3, 0, 0)
[[92.1489279]] --- (0.3, 0.3, 0, 0, 0.4)
[[92.16999989]] --- (0.3, 0.3, 0, 0.1, 0.3)
[[92.21282459]] --- (0.3, 0.3, 0, 0.2, 0.2)
[[92.27740201]] --- (0.3, 0.3, 0, 0.3, 0.1)
[[92.36373214]] --- (0.3, 0.3, 0, 0.4, 0)
[[92.63548191]] --- (0.3, 0.3, 0.1, 0, 0.3)
[[92.66394366]] --- (0.3, 0.3, 0.1, 0.1, 0.2)
[[92.71415812]] --- (0.3, 0.3, 0.1, 0.2, 0.1)
[[92.78450873]] --- (0.1, 0.4, 0.4, 0, 0.1)
[[92.7861253]] --- (0.3, 0.3, 0.1, 0.3, 0)
[[92.84854525]] --- (0.1, 0.4, 0.4, 0.1, 0)
[[93.43070896]] --- (0.3, 0.3, 0.2, 0, 0.2)
[[93.46656046]] --- (0.3, 0.3, 0.2, 0.1, 0.1)
[[93.52416468]] --- (0.3, 0.3, 0.2, 0.2, 0)
[[93.65450008]] --- (0, 0.9, 0, 0, 0.1)
[[93.74426227]] --- (0, 0.9, 0, 0.1, 0)
[[93.95198679]] --- (0, 0.9, 0.1, 0, 0)
[[94.20080886]] --- (0.7, 0.2, 0, 0, 0.1)
[[94.20586584]] --- (0.7, 0.2, 0, 0.1, 0)
[[94.29167258]] --- (0, 0.4, 0, 0, 0.6)
[[94.32745482]] --- (0, 0.4, 0, 0.1, 0.5)
[[94.37893106]] --- (0.1, 0.4, 0.5, 0, 0)
[[94.38498978]] --- (0, 0.4, 0, 0.2, 0.4)
[[94.46427746]] --- (0, 0.4, 0, 0.3, 0.3)
[[94.53431127]] --- (0.8, 0.2, 0, 0, 0)
[[94.53460903]] --- (0.3, 0.3, 0.3, 0, 0.1)
[[94.56531785]] --- (0, 0.4, 0, 0.4, 0.2)
[[94.57785029]] --- (0.3, 0.3, 0.3, 0.1, 0)
[[94.58786108]] --- (0, 0.4, 0.1, 0, 0.5)
[[94.63103308]] --- (0, 0.4, 0.1, 0.1, 0.4)
[[94.68811095]] --- (0, 0.4, 0, 0.5, 0.1)
[[94.6959578]] --- (0, 0.4, 0.1, 0.2, 0.3)
[[94.78263523]] --- (0, 0.4, 0.1, 0.3, 0.2)
[[94.83265678]] --- (0, 0.4, 0, 0.6, 0)
[[94.89106538]] --- (0, 0.4, 0.1, 0.4, 0.1)
[[94.94127011]] --- (0.7, 0.2, 0.1, 0, 0)
[[95.02124825]] --- (0, 0.4, 0.1, 0.5, 0)
[[95.10629089]] --- (0.6, 0.2, 0, 0, 0.2)
[[95.11265262]] --- (0.6, 0.2, 0, 0.1, 0.1)
[[95.14076707]] --- (0.6, 0.2, 0, 0.2, 0)
[[95.19272261]] --- (0, 0.4, 0.2, 0, 0.4)
[[95.24328437]] --- (0, 0.4, 0.2, 0.1, 0.3)
[[95.31559885]] --- (0, 0.4, 0.2, 0.2, 0.2)
[[95.40966604]] --- (0, 0.4, 0.2, 0.3, 0.1)
[[95.52548595]] --- (0, 0.4, 0.2, 0.4, 0)
[[95.78321042]] --- (0.6, 0.2, 0.1, 0, 0.1)
[[95.79696191]] --- (0.6, 0.2, 0.1, 0.1, 0)
[[95.94718213]] --- (0.3, 0.3, 0.4, 0, 0)
[[96.10625716]] --- (0, 0.4, 0.3, 0, 0.3)
[[96.16420869]] --- (0, 0.4, 0.3, 0.1, 0.2)
[[96.23971479]] --- (0.2, 0.3, 0, 0, 0.5)
[[96.24391292]] --- (0, 0.4, 0.3, 0.2, 0.1)
[[96.26209154]] --- (0.2, 0.3, 0, 0.1, 0.4)
[[96.306221]] --- (0.2, 0.3, 0, 0.2, 0.3)
[[96.34536987]] --- (0, 0.4, 0.3, 0.3, 0)
[[96.37210317]] --- (0.2, 0.3, 0, 0.3, 0.2)
[[96.45973806]] --- (0.2, 0.3, 0, 0.4, 0.1)
[[96.56912567]] --- (0.2, 0.3, 0, 0.5, 0)
[[96.66272709]] --- (0.2, 0.3, 0.1, 0, 0.4)
[[96.69249359]] --- (0.2, 0.3, 0.1, 0.1, 0.3)
[[96.74401281]] --- (0.2, 0.3, 0.1, 0.2, 0.2)
[[96.76880298]] --- (0.6, 0.2, 0.2, 0, 0)
[[96.81728474]] --- (0.2, 0.3, 0.1, 0.3, 0.1)
[[96.91230939]] --- (0.2, 0.3, 0.1, 0.4, 0)
[[97.25075735]] --- (0.5, 0.2, 0, 0, 0.3)
[[97.25842384]] --- (0.5, 0.2, 0, 0.1, 0.2)
[[97.28784304]] --- (0.5, 0.2, 0, 0.2, 0.1)
[[97.32846475]] --- (0, 0.4, 0.4, 0, 0.2)
[[97.33901496]] --- (0.5, 0.2, 0, 0.3, 0)
[[97.39380603]] --- (0, 0.4, 0.4, 0.1, 0.1)
[[97.39441241]] --- (0.2, 0.3, 0.2, 0, 0.3)
[[97.43156867]] --- (0.2, 0.3, 0.2, 0.1, 0.2)
[[97.48090002]] --- (0, 0.4, 0.4, 0.2, 0)
[[97.49047765]] --- (0.2, 0.3, 0.2, 0.2, 0.1)
[[97.57113934]] --- (0.2, 0.3, 0.2, 0.3, 0)
[[97.70954146]] --- (0.1, 0.9, 0, 0, 0)
[[97.86413516]] --- (0.5, 0.2, 0.1, 0, 0.2)
[[97.87919141]] --- (0.5, 0.2, 0.1, 0.1, 0.1)
[[97.91600037]] --- (0.5, 0.2, 0.1, 0.2, 0)
[[98.43477077]] --- (0.2, 0.3, 0.3, 0, 0.2)
[[98.47931679]] --- (0.2, 0.3, 0.3, 0.1, 0.1)
[[98.54561552]] --- (0.2, 0.3, 0.3, 0.2, 0)
[[98.786186]] --- (0.5, 0.2, 0.2, 0, 0.1)
[[98.808632]] --- (0.5, 0.2, 0.2, 0.1, 0)
[[98.85934537]] --- (0, 0.4, 0.5, 0, 0.1)
[[98.9320764]] --- (0, 0.4, 0.5, 0.1, 0)
[[99.78380215]] --- (0.2, 0.3, 0.4, 0, 0.1)
[[99.83573793]] --- (0.2, 0.3, 0.4, 0.1, 0)
[[100.01690987]] --- (0.5, 0.2, 0.3, 0, 0)
[[100.63420824]] --- (0.4, 0.2, 0, 0, 0.4)
[[100.64317948]] --- (0.4, 0.2, 0, 0.1, 0.3)
[[100.67390344]] --- (0.4, 0.2, 0, 0.2, 0.2)
[[100.69889901]] --- (0, 0.4, 0.6, 0, 0)
[[100.72638011]] --- (0.4, 0.2, 0, 0.3, 0.1)
[[100.8006095]] --- (0.4, 0.2, 0, 0.4, 0)
[[101.18404433]] --- (0.4, 0.2, 0.1, 0, 0.3)
[[101.20040533]] --- (0.4, 0.2, 0.1, 0.1, 0.2)
[[101.23851905]] --- (0.4, 0.2, 0.1, 0.2, 0.1)
[[101.29838548]] --- (0.4, 0.2, 0.1, 0.3, 0)
[[101.44150656]] --- (0.2, 0.3, 0.5, 0, 0)
[[101.56948612]] --- (0.1, 0.3, 0, 0, 0.6)
[[101.59316762]] --- (0.1, 0.3, 0, 0.1, 0.5)
[[101.63860183]] --- (0.1, 0.3, 0, 0.2, 0.4)
[[101.70578876]] --- (0.1, 0.3, 0, 0.3, 0.3)
[[101.79472841]] --- (0.1, 0.3, 0, 0.4, 0.2)
[[101.90542077]] --- (0.1, 0.3, 0, 0.5, 0.1)
[[101.92895669]] --- (0.1, 0.3, 0.1, 0, 0.5)
[[101.96002795]] --- (0.1, 0.3, 0.1, 0.1, 0.4)
[[102.01285193]] --- (0.1, 0.3, 0.1, 0.2, 0.3)
[[102.03786585]] --- (0.1, 0.3, 0, 0.6, 0)
[[102.04255345]] --- (0.4, 0.2, 0.2, 0, 0.2)
[[102.06630421]] --- (0.4, 0.2, 0.2, 0.1, 0.1)
[[102.08742862]] --- (0.1, 0.3, 0.1, 0.3, 0.2)
[[102.11180769]] --- (0.4, 0.2, 0.2, 0.2, 0)
[[102.18375802]] --- (0.1, 0.3, 0.1, 0.4, 0.1)
[[102.30184014]] --- (0.1, 0.3, 0.1, 0.5, 0)
[[102.5971003]] --- (0.1, 0.3, 0.2, 0, 0.4)
[[102.63556132]] --- (0.1, 0.3, 0.2, 0.1, 0.3)
[[102.69577505]] --- (0.1, 0.3, 0.2, 0.2, 0.2)
[[102.7777415]] --- (0.1, 0.3, 0.2, 0.3, 0.1)
[[102.88146066]] --- (0.1, 0.3, 0.2, 0.4, 0)
[[103.16376156]] --- (0.9, 0.1, 0, 0, 0)
[[103.2097356]] --- (0.4, 0.2, 0.3, 0, 0.1)
[[103.24087612]] --- (0.4, 0.2, 0.3, 0.1, 0)
[[103.35486381]] --- (0.8, 0.1, 0, 0.1, 0)
[[103.36190758]] --- (0.8, 0.1, 0, 0, 0.1)
[[103.57391694]] --- (0.1, 0.3, 0.3, 0, 0.3)
[[103.61976771]] --- (0.1, 0.3, 0.3, 0.1, 0.2)
[[103.6873712]] --- (0.1, 0.3, 0.3, 0.2, 0.1)
[[103.77672741]] --- (0.1, 0.3, 0.3, 0.3, 0)
[[104.1656509]] --- (0.8, 0.1, 0.1, 0, 0)
[[104.68559078]] --- (0.4, 0.2, 0.4, 0, 0)
[[104.79329902]] --- (0.7, 0.1, 0, 0.1, 0.1)
[[104.79903803]] --- (0.7, 0.1, 0, 0, 0.2)
[[104.80931272]] --- (0.7, 0.1, 0, 0.2, 0)
[[104.8594066]] --- (0.1, 0.3, 0.4, 0, 0.2)
[[104.91264713]] --- (0.1, 0.3, 0.4, 0.1, 0.1)
[[104.98764038]] --- (0.1, 0.3, 0.4, 0.2, 0)
[[105.25664356]] --- (0.3, 0.2, 0, 0, 0.5)
[[105.26691956]] --- (0.3, 0.2, 0, 0.1, 0.4)
[[105.29894827]] --- (0.3, 0.2, 0, 0.2, 0.3)
[[105.3527297]] --- (0.3, 0.2, 0, 0.3, 0.2)
[[105.42826385]] --- (0.3, 0.2, 0, 0.4, 0.1)
[[105.52555071]] --- (0.3, 0.2, 0, 0.5, 0)
[[105.53923964]] --- (0.7, 0.1, 0.1, 0, 0.1)
[[105.54089038]] --- (0.7, 0.1, 0.1, 0.1, 0)
[[105.74293793]] --- (0.3, 0.2, 0.1, 0, 0.4)
[[105.76060369]] --- (0.3, 0.2, 0.1, 0.1, 0.3)
[[105.80002216]] --- (0.3, 0.2, 0.1, 0.2, 0.2)
[[105.86119335]] --- (0.3, 0.2, 0.1, 0.3, 0.1)
[[105.94411726]] --- (0.3, 0.2, 0.1, 0.4, 0)
[[106.45356929]] --- (0.1, 0.3, 0.5, 0, 0.1)
[[106.51419958]] --- (0.1, 0.3, 0.5, 0.1, 0)
[[106.53790533]] --- (0.3, 0.2, 0.2, 0, 0.3)
[[106.56296085]] --- (0.3, 0.2, 0.2, 0.1, 0.2)
[[106.58811427]] --- (0.7, 0.1, 0.2, 0, 0)
[[106.60976908]] --- (0.3, 0.2, 0.2, 0.2, 0.1)
[[106.67833003]] --- (0.3, 0.2, 0.2, 0.3, 0)
[[107.24620037]] --- (0, 1, 0, 0, 0)
[[107.47071866]] --- (0.6, 0.1, 0, 0.1, 0.2)
[[107.47515291]] --- (0.6, 0.1, 0, 0, 0.3)
[[107.48803712]] --- (0.6, 0.1, 0, 0.2, 0.1)
[[107.52710829]] --- (0.6, 0.1, 0, 0.3, 0)
[[107.64154576]] --- (0.3, 0.2, 0.3, 0, 0.2)
[[107.67399104]] --- (0.3, 0.2, 0.3, 0.1, 0.1)
[[107.72818903]] --- (0.3, 0.2, 0.3, 0.2, 0)
[[108.13824187]] --- (0, 0.3, 0, 0, 0.7)
[[108.1518128]] --- (0.6, 0.1, 0.1, 0, 0.2)
[[108.1547683]] --- (0.6, 0.1, 0.1, 0.1, 0.1)
[[108.16322813]] --- (0, 0.3, 0, 0.1, 0.6)
[[108.17947652]] --- (0.6, 0.1, 0.1, 0.2, 0)
[[108.2099671]] --- (0, 0.3, 0, 0.2, 0.5)
[[108.27845878]] --- (0, 0.3, 0, 0.3, 0.4)
[[108.35640501]] --- (0.1, 0.3, 0.6, 0, 0)
[[108.36870319]] --- (0, 0.3, 0, 0.4, 0.3)
[[108.43417073]] --- (0, 0.3, 0.1, 0, 0.6)
[[108.46654674]] --- (0, 0.3, 0.1, 0.1, 0.5)
[[108.4807003]] --- (0, 0.3, 0, 0.5, 0.2)
[[108.52067547]] --- (0, 0.3, 0.1, 0.2, 0.4)
[[108.59655692]] --- (0, 0.3, 0.1, 0.3, 0.3)
[[108.61445014]] --- (0, 0.3, 0, 0.6, 0.1)
[[108.69419108]] --- (0, 0.3, 0.1, 0.4, 0.2)
[[108.76995269]] --- (0, 0.3, 0, 0.7, 0)
[[108.81357796]] --- (0, 0.3, 0.1, 0.5, 0.1)
[[108.95471755]] --- (0, 0.3, 0.1, 0.6, 0)
[[109.03877262]] --- (0, 0.3, 0.2, 0, 0.5)
[[109.05385922]] --- (0.3, 0.2, 0.4, 0, 0.1)
[[109.07853839]] --- (0, 0.3, 0.2, 0.1, 0.4)
[[109.09369426]] --- (0.3, 0.2, 0.4, 0.1, 0)
[[109.13714572]] --- (0.6, 0.1, 0.2, 0, 0.1)
[[109.14005688]] --- (0, 0.3, 0.2, 0.2, 0.3)
[[109.14749098]] --- (0.6, 0.1, 0.2, 0.1, 0)
[[109.22332808]] --- (0, 0.3, 0.2, 0.3, 0.2)
[[109.328352]] --- (0, 0.3, 0.2, 0.4, 0.1)
[[109.45512864]] --- (0, 0.3, 0.2, 0.5, 0)
[[109.95204753]] --- (0, 0.3, 0.3, 0, 0.4)
[[109.99920307]] --- (0, 0.3, 0.3, 0.1, 0.3)
[[110.06811131]] --- (0, 0.3, 0.3, 0.2, 0.2)
[[110.15877228]] --- (0, 0.3, 0.3, 0.3, 0.1)
[[110.27118595]] --- (0, 0.3, 0.3, 0.4, 0)
[[110.43115166]] --- (0.6, 0.1, 0.3, 0, 0)
[[110.77484571]] --- (0.3, 0.2, 0.5, 0, 0)
[[111.1180633]] --- (0.2, 0.2, 0, 0, 0.6)
[[111.12964406]] --- (0.2, 0.2, 0, 0.1, 0.5)
[[111.16297753]] --- (0.2, 0.2, 0, 0.2, 0.4)
[[111.17399548]] --- (0, 0.3, 0.4, 0, 0.3)
[[111.21806372]] --- (0.2, 0.2, 0, 0.3, 0.3)
[[111.22854077]] --- (0, 0.3, 0.4, 0.1, 0.2)
[[111.29490262]] --- (0.2, 0.2, 0, 0.4, 0.2)
[[111.30483878]] --- (0, 0.3, 0.4, 0.2, 0.1)
[[111.38712273]] --- (0.5, 0.1, 0, 0.1, 0.3)
[[111.39025223]] --- (0.5, 0.1, 0, 0, 0.4)
[[111.39349424]] --- (0.2, 0.2, 0, 0.5, 0.1)
[[111.4028895]] --- (0, 0.3, 0.4, 0.3, 0)
[[111.40574594]] --- (0.5, 0.1, 0, 0.2, 0.2)
[[111.44612187]] --- (0.5, 0.1, 0, 0.3, 0.1)
[[111.50825052]] --- (0.5, 0.1, 0, 0.4, 0)
[[111.51383857]] --- (0.2, 0.2, 0, 0.6, 0)
[[111.54081596]] --- (0.2, 0.2, 0.1, 0, 0.5)
[[111.55978647]] --- (0.2, 0.2, 0.1, 0.1, 0.4)
[[111.6005097]] --- (0.2, 0.2, 0.1, 0.2, 0.3)
[[111.66298565]] --- (0.2, 0.2, 0.1, 0.3, 0.2)
[[111.74721431]] --- (0.2, 0.2, 0.1, 0.4, 0.1)
[[111.85319569]] --- (0.2, 0.2, 0.1, 0.5, 0)
[[112.0033704]] --- (0.5, 0.1, 0.1, 0, 0.3)
[[112.00763066]] --- (0.5, 0.1, 0.1, 0.1, 0.2)
[[112.03364363]] --- (0.5, 0.1, 0.1, 0.2, 0.1)
[[112.08140932]] --- (0.5, 0.1, 0.1, 0.3, 0)
[[112.27224164]] --- (0.2, 0.2, 0.2, 0, 0.4)
[[112.29860192]] --- (0.2, 0.2, 0.2, 0.1, 0.3)
[[112.3467149]] --- (0.2, 0.2, 0.2, 0.2, 0.2)
[[112.41658061]] --- (0.2, 0.2, 0.2, 0.3, 0.1)
[[112.50819903]] --- (0.2, 0.2, 0.2, 0.4, 0)
[[112.70461645]] --- (0, 0.3, 0.5, 0, 0.2)
[[112.7665515]] --- (0, 0.3, 0.5, 0.1, 0.1)
[[112.85023927]] --- (0, 0.3, 0.5, 0.2, 0)
[[112.9251616]] --- (0.5, 0.1, 0.2, 0, 0.2)
[[112.93681161]] --- (0.5, 0.1, 0.2, 0.1, 0.1)
[[112.97021434]] --- (0.5, 0.1, 0.2, 0.2, 0)
[[113.31234036]] --- (0.2, 0.2, 0.3, 0, 0.3)
[[113.34609039]] --- (0.2, 0.2, 0.3, 0.1, 0.2)
[[113.40159313]] --- (0.2, 0.2, 0.3, 0.2, 0.1)
[[113.4788486]] --- (0.2, 0.2, 0.3, 0.3, 0)
[[114.0639755]] --- (1, 0, 0, 0, 0)
[[114.15562582]] --- (0.5, 0.1, 0.3, 0, 0.1)
[[114.1746656]] --- (0.5, 0.1, 0.3, 0.1, 0)
[[114.54391045]] --- (0, 0.3, 0.6, 0, 0.1)
[[114.61323526]] --- (0, 0.3, 0.6, 0.1, 0)
[[114.6611121]] --- (0.2, 0.2, 0.4, 0, 0.2)
[[114.70225189]] --- (0.2, 0.2, 0.4, 0.1, 0.1)
[[114.76514439]] --- (0.2, 0.2, 0.4, 0.2, 0)
[[114.77462543]] --- (0.9, 0, 0, 0.1, 0)
[[114.79376995]] --- (0.9, 0, 0, 0, 0.1)
[[115.66079535]] --- (0.9, 0, 0.1, 0, 0)
[[115.69476308]] --- (0.5, 0.1, 0.4, 0, 0)
[[116.31855687]] --- (0.2, 0.2, 0.5, 0, 0.1)
[[116.36708641]] --- (0.2, 0.2, 0.5, 0.1, 0)
[[116.54251123]] --- (0.4, 0.1, 0, 0.1, 0.4)
[[116.54433597]] --- (0.4, 0.1, 0, 0, 0.5)
[[116.5624392]] --- (0.4, 0.1, 0, 0.2, 0.3)
[[116.60411988]] --- (0.4, 0.1, 0, 0.3, 0.2)
[[116.66755328]] --- (0.4, 0.1, 0, 0.4, 0.1)
[[116.69187748]] --- (0, 0.3, 0.7, 0, 0)
[[116.74470907]] --- (0.8, 0, 0, 0.1, 0.1)
[[116.74862202]] --- (0.8, 0, 0, 0.2, 0)
[[116.7527394]] --- (0.4, 0.1, 0, 0.5, 0)
[[116.76254882]] --- (0.8, 0, 0, 0, 0.2)
[[117.09391242]] --- (0.4, 0.1, 0.1, 0, 0.4)
[[117.09947744]] --- (0.4, 0.1, 0.1, 0.1, 0.3)
[[117.12679517]] --- (0.4, 0.1, 0.1, 0.2, 0.2)
[[117.17586561]] --- (0.4, 0.1, 0.1, 0.3, 0.1)
[[117.24668877]] --- (0.4, 0.1, 0.1, 0.4, 0)
[[117.55558251]] --- (0.8, 0, 0.1, 0.1, 0)
[[117.56603251]] --- (0.8, 0, 0.1, 0, 0.1)
[[117.9521619]] --- (0.4, 0.1, 0.2, 0, 0.3)
[[117.96511667]] --- (0.4, 0.1, 0.2, 0.1, 0.2)
[[117.99982416]] --- (0.4, 0.1, 0.2, 0.2, 0.1)
[[118.05628437]] --- (0.4, 0.1, 0.2, 0.3, 0)
[[118.21846748]] --- (0.1, 0.2, 0, 0, 0.7)
[[118.231353]] --- (0.1, 0.2, 0, 0.1, 0.6)
[[118.26599122]] --- (0.1, 0.2, 0, 0.2, 0.5)
[[118.28467466]] --- (0.2, 0.2, 0.6, 0, 0)
[[118.32238216]] --- (0.1, 0.2, 0, 0.3, 0.4)
[[118.40052582]] --- (0.1, 0.2, 0, 0.4, 0.3)
[[118.50042219]] --- (0.1, 0.2, 0, 0.5, 0.2)
[[118.57767842]] --- (0.1, 0.2, 0.1, 0, 0.6)
[[118.59795369]] --- (0.1, 0.2, 0.1, 0.1, 0.5)
[[118.62207128]] --- (0.1, 0.2, 0, 0.6, 0.1)
[[118.63998168]] --- (0.1, 0.2, 0.1, 0.2, 0.4)
[[118.67818922]] --- (0.8, 0, 0.2, 0, 0)
[[118.70376238]] --- (0.1, 0.2, 0.1, 0.3, 0.3)
[[118.76547309]] --- (0.1, 0.2, 0, 0.7, 0)
[[118.78929579]] --- (0.1, 0.2, 0.1, 0.4, 0.2)
[[118.89658193]] --- (0.1, 0.2, 0.1, 0.5, 0.1)
[[119.02562077]] --- (0.1, 0.2, 0.1, 0.6, 0)
[[119.11908441]] --- (0.4, 0.1, 0.3, 0, 0.2)
[[119.13942894]] --- (0.4, 0.1, 0.3, 0.1, 0.1)
[[119.18152619]] --- (0.4, 0.1, 0.3, 0.2, 0)
[[119.24556239]] --- (0.1, 0.2, 0.2, 0, 0.5)
[[119.27322741]] --- (0.1, 0.2, 0.2, 0.1, 0.4)
[[119.32264516]] --- (0.1, 0.2, 0.2, 0.2, 0.3)
[[119.39381562]] --- (0.1, 0.2, 0.2, 0.3, 0.2)
[[119.48673879]] --- (0.1, 0.2, 0.2, 0.4, 0.1)
[[119.60141468]] --- (0.1, 0.2, 0.2, 0.5, 0)
[[119.95377713]] --- (0.7, 0, 0, 0.1, 0.2)
[[119.95899484]] --- (0.7, 0, 0, 0.2, 0.1)
[[119.97031213]] --- (0.7, 0, 0, 0, 0.3)
[[119.98596527]] --- (0.7, 0, 0, 0.3, 0)
[[120.22211938]] --- (0.1, 0.2, 0.3, 0, 0.4)
[[120.25717417]] --- (0.1, 0.2, 0.3, 0.1, 0.3)
[[120.31398167]] --- (0.1, 0.2, 0.3, 0.2, 0.2)
[[120.39254189]] --- (0.1, 0.2, 0.3, 0.3, 0.1)
[[120.49285482]] --- (0.1, 0.2, 0.3, 0.4, 0)
[[120.59467995]] --- (0.4, 0.1, 0.4, 0, 0.1)
[[120.62241424]] --- (0.4, 0.1, 0.4, 0.1, 0)
[[120.70110885]] --- (0.7, 0, 0.1, 0.1, 0.1)
[[120.7102541]] --- (0.7, 0, 0.1, 0, 0.2)
[[120.71371633]] --- (0.7, 0, 0.1, 0.2, 0)
[[121.5073494]] --- (0.1, 0.2, 0.4, 0, 0.3)
[[121.54979395]] --- (0.1, 0.2, 0.4, 0.1, 0.2)
[[121.61399121]] --- (0.1, 0.2, 0.4, 0.2, 0.1)
[[121.69994119]] --- (0.1, 0.2, 0.4, 0.3, 0)
[[121.75711361]] --- (0.7, 0, 0.2, 0.1, 0)
[[121.75886909]] --- (0.7, 0, 0.2, 0, 0.1)
[[122.37894851]] --- (0.4, 0.1, 0.5, 0, 0)
[[122.93688416]] --- (0.3, 0.1, 0, 0.1, 0.5)
[[122.93740415]] --- (0.3, 0.1, 0, 0, 0.6)
[[122.95811688]] --- (0.3, 0.1, 0, 0.2, 0.4)
[[123.00110232]] --- (0.3, 0.1, 0, 0.3, 0.3)
[[123.06584048]] --- (0.3, 0.1, 0, 0.4, 0.2)
[[123.10125245]] --- (0.1, 0.2, 0.5, 0, 0.2)
[[123.11615711]] --- (0.7, 0, 0.3, 0, 0)
[[123.15108676]] --- (0.1, 0.2, 0.5, 0.1, 0.1)
[[123.15233135]] --- (0.3, 0.1, 0, 0.5, 0.1)
[[123.22267378]] --- (0.1, 0.2, 0.5, 0.2, 0)
[[123.26057494]] --- (0.3, 0.1, 0, 0.6, 0)
[[123.42343888]] --- (0.3, 0.1, 0.1, 0, 0.5)
[[123.43030865]] --- (0.3, 0.1, 0.1, 0.1, 0.4)
[[123.45893113]] --- (0.3, 0.1, 0.1, 0.2, 0.3)
[[123.50930633]] --- (0.3, 0.1, 0.1, 0.3, 0.2)
[[123.58143425]] --- (0.3, 0.1, 0.1, 0.4, 0.1)
[[123.67531488]] --- (0.3, 0.1, 0.1, 0.5, 0)
[[124.21814664]] --- (0.3, 0.1, 0.2, 0, 0.4)
[[124.23240617]] --- (0.3, 0.1, 0.2, 0.1, 0.3)
[[124.26841841]] --- (0.3, 0.1, 0.2, 0.2, 0.2)
[[124.32618337]] --- (0.3, 0.1, 0.2, 0.3, 0.1)
[[124.40182962]] --- (0.6, 0, 0, 0.1, 0.3)
[[124.40570104]] --- (0.3, 0.1, 0.2, 0.4, 0)
[[124.40835209]] --- (0.6, 0, 0, 0.2, 0.2)
[[124.41705987]] --- (0.6, 0, 0, 0, 0.4)
[[124.43662728]] --- (0.6, 0, 0, 0.3, 0.1)
[[124.48665518]] --- (0.6, 0, 0, 0.4, 0)
[[125.00382853]] --- (0.1, 0.2, 0.6, 0, 0.1)
[[125.0610526]] --- (0.1, 0.2, 0.6, 0.1, 0)
[[125.08561963]] --- (0.6, 0, 0.1, 0.1, 0.2)
[[125.09346012]] --- (0.6, 0, 0.1, 0, 0.3)
[[125.09953186]] --- (0.6, 0, 0.1, 0.2, 0.1)
[[125.1351968]] --- (0.6, 0, 0.1, 0.3, 0)
[[125.32152743]] --- (0.3, 0.1, 0.3, 0, 0.3)
[[125.34317672]] --- (0.3, 0.1, 0.3, 0.1, 0.2)
[[125.38657872]] --- (0.3, 0.1, 0.3, 0.2, 0.1)
[[125.45173344]] --- (0.3, 0.1, 0.3, 0.3, 0)
[[126.07808266]] --- (0.6, 0, 0.2, 0.1, 0.1)
[[126.07853339]] --- (0.6, 0, 0.2, 0, 0.2)
[[126.09938465]] --- (0.6, 0, 0.2, 0.2, 0)
[[126.55785609]] --- (0, 0.2, 0, 0, 0.8)
[[126.57204636]] --- (0, 0.2, 0, 0.1, 0.7)
[[126.60798934]] --- (0, 0.2, 0, 0.2, 0.6)
[[126.66568504]] --- (0, 0.2, 0, 0.3, 0.5)
[[126.73358125]] --- (0.3, 0.1, 0.4, 0, 0.2)
[[126.74513345]] --- (0, 0.2, 0, 0.4, 0.4)
[[126.76262029]] --- (0.3, 0.1, 0.4, 0.1, 0.1)
[[126.81341205]] --- (0.3, 0.1, 0.4, 0.2, 0)
[[126.84633458]] --- (0, 0.2, 0, 0.5, 0.3)
[[126.85352531]] --- (0, 0.2, 0.1, 0, 0.7)
[[126.87510534]] --- (0, 0.2, 0.1, 0.1, 0.6)
[[126.91843808]] --- (0, 0.2, 0.1, 0.2, 0.5)
[[126.96928843]] --- (0, 0.2, 0, 0.6, 0.2)
[[126.98352354]] --- (0, 0.2, 0.1, 0.3, 0.4)
[[127.07036171]] --- (0, 0.2, 0.1, 0.4, 0.3)
[[127.11399499]] --- (0, 0.2, 0, 0.7, 0.1)
[[127.1789526]] --- (0, 0.2, 0.1, 0.5, 0.2)
[[127.21507764]] --- (0.1, 0.2, 0.7, 0, 0)
[[127.28045426]] --- (0, 0.2, 0, 0.8, 0)
[[127.3092962]] --- (0, 0.2, 0.1, 0.6, 0.1)
[[127.3722797]] --- (0.6, 0, 0.3, 0, 0.1)
[[127.37921873]] --- (0.6, 0, 0.3, 0.1, 0)
[[127.45786756]] --- (0, 0.2, 0.2, 0, 0.6)
[[127.46139252]] --- (0, 0.2, 0.1, 0.7, 0)
[[127.48683734]] --- (0, 0.2, 0.2, 0.1, 0.5)
[[127.53755984]] --- (0, 0.2, 0.2, 0.2, 0.4)
[[127.61003506]] --- (0, 0.2, 0.2, 0.3, 0.3)
[[127.70426299]] --- (0, 0.2, 0.2, 0.4, 0.2)
[[127.82024364]] --- (0, 0.2, 0.2, 0.5, 0.1)
[[127.957977]] --- (0, 0.2, 0.2, 0.6, 0)
[[128.37088283]] --- (0, 0.2, 0.3, 0, 0.5)
[[128.40724238]] --- (0, 0.2, 0.3, 0.1, 0.4)
[[128.45430809]] --- (0.3, 0.1, 0.5, 0, 0.1)
[[128.46535464]] --- (0, 0.2, 0.3, 0.2, 0.3)
[[128.4907369]] --- (0.3, 0.1, 0.5, 0.1, 0)
[[128.54521961]] --- (0, 0.2, 0.3, 0.3, 0.2)
[[128.6468373]] --- (0, 0.2, 0.3, 0.4, 0.1)
[[128.7702077]] --- (0, 0.2, 0.3, 0.5, 0)
[[128.97469903]] --- (0.6, 0, 0.4, 0, 0)
[[129.59257114]] --- (0, 0.2, 0.4, 0, 0.4)
[[129.63632044]] --- (0, 0.2, 0.4, 0.1, 0.3)
[[129.70182246]] --- (0, 0.2, 0.4, 0.2, 0.2)
[[129.78907719]] --- (0, 0.2, 0.4, 0.3, 0.1)
[[129.89808464]] --- (0, 0.2, 0.4, 0.4, 0)
[[130.08886655]] --- (0.5, 0, 0, 0.1, 0.4)
[[130.09669377]] --- (0.5, 0, 0, 0.2, 0.3)
[[130.10279204]] --- (0.5, 0, 0, 0, 0.5)
[[130.12627371]] --- (0.5, 0, 0, 0.3, 0.2)
[[130.17760637]] --- (0.5, 0, 0, 0.4, 0.1)
[[130.25069174]] --- (0.5, 0, 0, 0.5, 0)
[[130.48370797]] --- (0.3, 0.1, 0.6, 0, 0)
[[130.56945675]] --- (0.2, 0.1, 0, 0, 0.7)
[[130.57024152]] --- (0.2, 0.1, 0, 0.1, 0.6)
[[130.592779]] --- (0.2, 0.1, 0, 0.2, 0.5)
[[130.6370692]] --- (0.2, 0.1, 0, 0.3, 0.4)
[[130.70311211]] --- (0.2, 0.1, 0, 0.4, 0.3)
[[130.70911483]] --- (0.5, 0, 0.1, 0.1, 0.3)
[[130.71565057]] --- (0.5, 0, 0.1, 0, 0.4)
[[130.72433182]] --- (0.5, 0, 0.1, 0.2, 0.2)
[[130.76130152]] --- (0.5, 0, 0.1, 0.3, 0.1)
[[130.79090774]] --- (0.2, 0.1, 0, 0.5, 0.2)
[[130.82002394]] --- (0.5, 0, 0.1, 0.4, 0)
[[130.90045608]] --- (0.2, 0.1, 0, 0.6, 0.1)
[[130.99194976]] --- (0.2, 0.1, 0.1, 0, 0.6)
[[131.00012429]] --- (0.2, 0.1, 0.1, 0.1, 0.5)
[[131.03005153]] --- (0.2, 0.1, 0.1, 0.2, 0.4)
[[131.03175714]] --- (0.2, 0.1, 0, 0.7, 0)
[[131.08173149]] --- (0.2, 0.1, 0.1, 0.3, 0.3)
[[131.12293247]] --- (0, 0.2, 0.5, 0, 0.3)
[[131.15516416]] --- (0.2, 0.1, 0.1, 0.4, 0.2)
[[131.17407153]] --- (0, 0.2, 0.5, 0.1, 0.2)
[[131.24696331]] --- (0, 0.2, 0.5, 0.2, 0.1)
[[131.25034954]] --- (0.2, 0.1, 0.1, 0.5, 0.1)
[[131.3416078]] --- (0, 0.2, 0.5, 0.3, 0)
[[131.36728765]] --- (0.2, 0.1, 0.1, 0.6, 0)
[[131.63718212]] --- (0.5, 0, 0.2, 0, 0.3)
[[131.63803615]] --- (0.5, 0, 0.2, 0.1, 0.2)
[[131.66064289]] --- (0.5, 0, 0.2, 0.2, 0.1)
[[131.70500235]] --- (0.5, 0, 0.2, 0.3, 0)
[[131.72311581]] --- (0.2, 0.1, 0.2, 0, 0.5)
[[131.73868009]] --- (0.2, 0.1, 0.2, 0.1, 0.4)
[[131.77599709]] --- (0.2, 0.1, 0.2, 0.2, 0.3)
[[131.8350668]] --- (0.2, 0.1, 0.2, 0.3, 0.2)
[[131.91588923]] --- (0.2, 0.1, 0.2, 0.4, 0.1)
[[132.01846438]] --- (0.2, 0.1, 0.2, 0.5, 0)
[[132.76295488]] --- (0.2, 0.1, 0.3, 0, 0.4)
[[132.78590892]] --- (0.2, 0.1, 0.3, 0.1, 0.3)
[[132.83061568]] --- (0.2, 0.1, 0.3, 0.2, 0.2)
[[132.86738671]] --- (0.5, 0, 0.3, 0, 0.2)
[[132.87563049]] --- (0.5, 0, 0.3, 0.1, 0.1)
[[132.89707515]] --- (0.2, 0.1, 0.3, 0.3, 0.1)
[[132.905627]] --- (0.5, 0, 0.3, 0.2, 0)
[[132.96196683]] --- (0, 0.2, 0.6, 0, 0.2)
[[132.98528734]] --- (0.2, 0.1, 0.3, 0.4, 0)
[[133.02049565]] --- (0, 0.2, 0.6, 0.1, 0.1)
[[133.10077718]] --- (0, 0.2, 0.6, 0.2, 0)
[[134.11146698]] --- (0.2, 0.1, 0.4, 0, 0.3)
[[134.14181078]] --- (0.2, 0.1, 0.4, 0.1, 0.2)
[[134.19390729]] --- (0.2, 0.1, 0.4, 0.2, 0.1)
[[134.26775653]] --- (0.2, 0.1, 0.4, 0.3, 0)
[[134.40626432]] --- (0.5, 0, 0.4, 0, 0.1)
[[134.42189787]] --- (0.5, 0, 0.4, 0.1, 0)
[[135.10967422]] --- (0, 0.2, 0.7, 0, 0.1)
[[135.1755928]] --- (0, 0.2, 0.7, 0.1, 0)
[[135.7686521]] --- (0.2, 0.1, 0.5, 0, 0.2)
[[135.80638566]] --- (0.2, 0.1, 0.5, 0.1, 0.1)
[[135.86587194]] --- (0.2, 0.1, 0.5, 0.2, 0)
[[136.25381496]] --- (0.5, 0, 0.5, 0, 0)
[[137.0148879]] --- (0.4, 0, 0, 0.1, 0.5)
[[137.02401988]] --- (0.4, 0, 0, 0.2, 0.4)
[[137.02750864]] --- (0.4, 0, 0, 0, 0.6)
[[137.05490458]] --- (0.4, 0, 0, 0.3, 0.3)
[[137.10754199]] --- (0.4, 0, 0, 0.4, 0.2)
[[137.18193212]] --- (0.4, 0, 0, 0.5, 0.1)
[[137.27807497]] --- (0.4, 0, 0, 0.6, 0)
[[137.56605464]] --- (0, 0.2, 0.8, 0, 0)
[[137.57159447]] --- (0.4, 0, 0.1, 0.1, 0.4)
[[137.57682545]] --- (0.4, 0, 0.1, 0, 0.5)
[[137.58811621]] --- (0.4, 0, 0.1, 0.2, 0.3)
[[137.62639067]] --- (0.4, 0, 0.1, 0.3, 0.2)
[[137.68641784]] --- (0.4, 0, 0.1, 0.4, 0.1)
[[137.73451026]] --- (0.2, 0.1, 0.6, 0, 0.1)
[[137.76819773]] --- (0.4, 0, 0.1, 0.5, 0)
[[137.77963358]] --- (0.2, 0.1, 0.6, 0.1, 0)
[[138.43481528]] --- (0.4, 0, 0.2, 0, 0.4)
[[138.43697407]] --- (0.4, 0, 0.2, 0.1, 0.3)
[[138.46088557]] --- (0.4, 0, 0.2, 0.2, 0.2)
[[138.50654978]] --- (0.4, 0, 0.2, 0.3, 0.1)
[[138.57396671]] --- (0.4, 0, 0.2, 0.4, 0)
[[139.44049378]] --- (0.1, 0.1, 0, 0, 0.8)
[[139.44258331]] --- (0.1, 0.1, 0, 0.1, 0.7)
[[139.46642554]] --- (0.1, 0.1, 0, 0.2, 0.6)
[[139.5120205]] --- (0.1, 0.1, 0, 0.3, 0.5)
[[139.57936817]] --- (0.1, 0.1, 0, 0.4, 0.4)
[[139.60147815]] --- (0.4, 0, 0.3, 0, 0.3)
[[139.61102669]] --- (0.4, 0, 0.3, 0.1, 0.2)
[[139.64232795]] --- (0.4, 0, 0.3, 0.2, 0.1)
[[139.66846855]] --- (0.1, 0.1, 0, 0.5, 0.3)
[[139.69538192]] --- (0.4, 0, 0.3, 0.3, 0)
[[139.77932165]] --- (0.1, 0.1, 0, 0.6, 0.2)
[[139.79944508]] --- (0.1, 0.1, 0.1, 0, 0.7)
[[139.80892436]] --- (0.1, 0.1, 0.1, 0.1, 0.6)
[[139.84015636]] --- (0.1, 0.1, 0.1, 0.2, 0.5)
[[139.89314107]] --- (0.1, 0.1, 0.1, 0.3, 0.4)
[[139.91192747]] --- (0.1, 0.1, 0, 0.7, 0.1)
[[139.9678785]] --- (0.1, 0.1, 0.1, 0.4, 0.3)
[[140.00904145]] --- (0.2, 0.1, 0.7, 0, 0)
[[140.06436864]] --- (0.1, 0.1, 0.1, 0.5, 0.2)
[[140.066286]] --- (0.1, 0.1, 0, 0.8, 0)
[[140.1826115]] --- (0.1, 0.1, 0.1, 0.6, 0.1)
[[140.32260707]] --- (0.1, 0.1, 0.1, 0.7, 0)
[[140.4670694]] --- (0.1, 0.1, 0.2, 0, 0.6)
[[140.48393844]] --- (0.1, 0.1, 0.2, 0.1, 0.5)
[[140.5225602]] --- (0.1, 0.1, 0.2, 0.2, 0.4)
[[140.58293467]] --- (0.1, 0.1, 0.2, 0.3, 0.3)
[[140.66506186]] --- (0.1, 0.1, 0.2, 0.4, 0.2)
[[140.76894176]] --- (0.1, 0.1, 0.2, 0.5, 0.1)
[[140.89457438]] --- (0.1, 0.1, 0.2, 0.6, 0)
[[141.07681405]] --- (0.4, 0, 0.4, 0, 0.2)
[[141.09375235]] --- (0.4, 0, 0.4, 0.1, 0.1)
[[141.13244336]] --- (0.4, 0, 0.4, 0.2, 0)
[[141.44336676]] --- (0.1, 0.1, 0.3, 0, 0.5)
[[141.46762555]] --- (0.1, 0.1, 0.3, 0.1, 0.4)
[[141.51363707]] --- (0.1, 0.1, 0.3, 0.2, 0.3)
[[141.5814013]] --- (0.1, 0.1, 0.3, 0.3, 0.2)
[[141.67091824]] --- (0.1, 0.1, 0.3, 0.4, 0.1)
[[141.7821879]] --- (0.1, 0.1, 0.3, 0.5, 0)
[[142.72833714]] --- (0.1, 0.1, 0.4, 0, 0.4)
[[142.75998569]] --- (0.1, 0.1, 0.4, 0.1, 0.3)
[[142.81338697]] --- (0.1, 0.1, 0.4, 0.2, 0.2)
[[142.86082297]] --- (0.4, 0, 0.5, 0, 0.1)
[[142.88515103]] --- (0.4, 0, 0.5, 0.1, 0)
[[142.88854096]] --- (0.1, 0.1, 0.4, 0.3, 0.1)
[[142.98544766]] --- (0.1, 0.1, 0.4, 0.4, 0)
[[144.32198055]] --- (0.1, 0.1, 0.5, 0, 0.3)
[[144.36101886]] --- (0.1, 0.1, 0.5, 0.1, 0.2)
[[144.42180989]] --- (0.1, 0.1, 0.5, 0.2, 0.1)
[[144.50435364]] --- (0.1, 0.1, 0.5, 0.3, 0)
[[144.95350492]] --- (0.4, 0, 0.6, 0, 0)
[[145.17989369]] --- (0.3, 0, 0, 0.1, 0.6)
[[145.19033042]] --- (0.3, 0, 0, 0.2, 0.5)
[[145.19120966]] --- (0.3, 0, 0, 0, 0.7)
[[145.22251988]] --- (0.3, 0, 0, 0.3, 0.4)
[[145.27646205]] --- (0.3, 0, 0, 0.4, 0.3)
[[145.35215693]] --- (0.3, 0, 0, 0.5, 0.2)
[[145.44960453]] --- (0.3, 0, 0, 0.6, 0.1)
[[145.56880485]] --- (0.3, 0, 0, 0.7, 0)
[[145.67305854]] --- (0.3, 0, 0.1, 0.1, 0.5)
[[145.67698476]] --- (0.3, 0, 0.1, 0, 0.6)
[[145.69088503]] --- (0.3, 0, 0.1, 0.2, 0.4)
[[145.73046425]] --- (0.3, 0, 0.1, 0.3, 0.3)
[[145.79179617]] --- (0.3, 0, 0.1, 0.4, 0.2)
[[145.87488082]] --- (0.3, 0, 0.1, 0.5, 0.1)
[[145.97971817]] --- (0.3, 0, 0.1, 0.6, 0)
[[146.22429698]] --- (0.1, 0.1, 0.6, 0, 0.2)
[[146.27072506]] --- (0.1, 0.1, 0.6, 0.1, 0.1)
[[146.33890585]] --- (0.1, 0.1, 0.6, 0.2, 0)
[[146.47143288]] --- (0.3, 0, 0.2, 0, 0.5)
[[146.47489642]] --- (0.3, 0, 0.2, 0.1, 0.4)
[[146.50011267]] --- (0.3, 0, 0.2, 0.2, 0.3)
[[146.54708164]] --- (0.3, 0, 0.2, 0.3, 0.2)
[[146.61580333]] --- (0.3, 0, 0.2, 0.4, 0.1)
[[146.70627773]] --- (0.3, 0, 0.2, 0.5, 0)
[[147.57455402]] --- (0.3, 0, 0.3, 0, 0.4)
[[147.58540732]] --- (0.3, 0, 0.3, 0.1, 0.3)
[[147.61801334]] --- (0.3, 0, 0.3, 0.2, 0.2)
[[147.67237207]] --- (0.3, 0, 0.3, 0.3, 0.1)
[[147.74848351]] --- (0.3, 0, 0.3, 0.4, 0)
[[148.43528645]] --- (0.1, 0.1, 0.7, 0, 0.1)
[[148.48910428]] --- (0.1, 0.1, 0.7, 0.1, 0)
[[148.9863482]] --- (0.3, 0, 0.4, 0, 0.3)
[[149.00459126]] --- (0.3, 0, 0.4, 0.1, 0.2)
[[149.04458703]] --- (0.3, 0, 0.4, 0.2, 0.1)
[[149.10633552]] --- (0.3, 0, 0.4, 0.3, 0)
[[149.55051525]] --- (0, 0.1, 0, 0, 0.9)
[[149.55390953]] --- (0, 0.1, 0, 0.1, 0.8)
[[149.57905652]] --- (0, 0.1, 0, 0.2, 0.7)
[[149.62595623]] --- (0, 0.1, 0, 0.3, 0.6)
[[149.69460865]] --- (0, 0.1, 0, 0.4, 0.5)
[[149.78501379]] --- (0, 0.1, 0, 0.5, 0.4)
[[149.84592482]] --- (0, 0.1, 0.1, 0, 0.8)
[[149.85670886]] --- (0, 0.1, 0.1, 0.1, 0.7)
[[149.88924561]] --- (0, 0.1, 0.1, 0.2, 0.6)
[[149.89717165]] --- (0, 0.1, 0, 0.6, 0.3)
[[149.94353508]] --- (0, 0.1, 0.1, 0.3, 0.5)
[[150.01957727]] --- (0, 0.1, 0.1, 0.4, 0.4)
[[150.03108222]] --- (0, 0.1, 0, 0.7, 0.2)
[[150.11737217]] --- (0, 0.1, 0.1, 0.5, 0.3)
[[150.18674551]] --- (0, 0.1, 0, 0.8, 0.1)
[[150.23691978]] --- (0, 0.1, 0.1, 0.6, 0.2)
[[150.36416151]] --- (0, 0.1, 0, 0.9, 0)
[[150.37822011]] --- (0, 0.1, 0.1, 0.7, 0.1)
[[150.45000743]] --- (0, 0.1, 0.2, 0, 0.7)
[[150.46818123]] --- (0, 0.1, 0.2, 0.1, 0.6)
[[150.50810774]] --- (0, 0.1, 0.2, 0.2, 0.5)
[[150.54127316]] --- (0, 0.1, 0.1, 0.8, 0)
[[150.56978696]] --- (0, 0.1, 0.2, 0.3, 0.4)
[[150.65321891]] --- (0, 0.1, 0.2, 0.4, 0.3)
[[150.70681541]] --- (0.3, 0, 0.5, 0, 0.2)
[[150.73244822]] --- (0.3, 0, 0.5, 0.1, 0.1)
[[150.75840356]] --- (0, 0.1, 0.2, 0.5, 0.2)
[[150.77983375]] --- (0.3, 0, 0.5, 0.2, 0)
[[150.88534094]] --- (0, 0.1, 0.2, 0.6, 0.1)
[[150.95494895]] --- (0.1, 0.1, 0.8, 0, 0)
[[151.03403103]] --- (0, 0.1, 0.2, 0.7, 0)
[[151.36276306]] --- (0, 0.1, 0.3, 0, 0.6)
[[151.38832662]] --- (0, 0.1, 0.3, 0.1, 0.5)
[[151.43564289]] --- (0, 0.1, 0.3, 0.2, 0.4)
[[151.50471187]] --- (0, 0.1, 0.3, 0.3, 0.3)
[[151.59553358]] --- (0, 0.1, 0.3, 0.4, 0.2)
[[151.70810799]] --- (0, 0.1, 0.3, 0.5, 0.1)
[[151.84243512]] --- (0, 0.1, 0.3, 0.6, 0)
[[152.58419173]] --- (0, 0.1, 0.4, 0, 0.5)
[[152.61714504]] --- (0, 0.1, 0.4, 0.1, 0.4)
[[152.67185107]] --- (0, 0.1, 0.4, 0.2, 0.3)
[[152.73595564]] --- (0.3, 0, 0.6, 0, 0.1)
[[152.74830981]] --- (0, 0.1, 0.4, 0.3, 0.2)
[[152.76897822]] --- (0.3, 0, 0.6, 0.1, 0)
[[152.84652127]] --- (0, 0.1, 0.4, 0.4, 0.1)
[[152.96648545]] --- (0, 0.1, 0.4, 0.5, 0)
[[154.11429342]] --- (0, 0.1, 0.5, 0, 0.4)
[[154.15463649]] --- (0, 0.1, 0.5, 0.1, 0.3)
[[154.21673228]] --- (0, 0.1, 0.5, 0.2, 0.2)
[[154.30058078]] --- (0, 0.1, 0.5, 0.3, 0.1)
[[154.406182]] --- (0, 0.1, 0.5, 0.4, 0)
[[154.5838839]] --- (0.2, 0, 0, 0.1, 0.7)
[[154.59389512]] --- (0.2, 0, 0, 0, 0.8)
[[154.5956254]] --- (0.2, 0, 0, 0.2, 0.6)
[[154.6291196]] --- (0.2, 0, 0, 0.3, 0.5)
[[154.68436653]] --- (0.2, 0, 0, 0.4, 0.4)
[[154.76136617]] --- (0.2, 0, 0, 0.5, 0.3)
[[154.86011852]] --- (0.2, 0, 0, 0.6, 0.2)
[[154.9806236]] --- (0.2, 0, 0, 0.7, 0.1)
[[155.01350703]] --- (0.2, 0, 0.1, 0.1, 0.6)
[[155.0161285]] --- (0.2, 0, 0.1, 0, 0.7)
[[155.03263829]] --- (0.2, 0, 0.1, 0.2, 0.5)
[[155.07352225]] --- (0.2, 0, 0.1, 0.3, 0.4)
[[155.0737689]] --- (0.3, 0, 0.7, 0, 0)
[[155.12288138]] --- (0.2, 0, 0, 0.8, 0)
[[155.13615894]] --- (0.2, 0, 0.1, 0.4, 0.3)
[[155.22054834]] --- (0.2, 0, 0.1, 0.5, 0.2)
[[155.32669045]] --- (0.2, 0, 0.1, 0.6, 0.1)
[[155.45458528]] --- (0.2, 0, 0.1, 0.7, 0)
[[155.7470349]] --- (0.2, 0, 0.2, 0, 0.6)
[[155.75180319]] --- (0.2, 0, 0.2, 0.1, 0.5)
[[155.7783242]] --- (0.2, 0, 0.2, 0.2, 0.4)
[[155.82659793]] --- (0.2, 0, 0.2, 0.3, 0.3)
[[155.89662437]] --- (0.2, 0, 0.2, 0.4, 0.2)
[[155.95306814]] --- (0, 0.1, 0.6, 0, 0.3)
[[155.98840353]] --- (0.2, 0, 0.2, 0.5, 0.1)
[[156.00080097]] --- (0, 0.1, 0.6, 0.1, 0.2)
[[156.07028651]] --- (0, 0.1, 0.6, 0.2, 0.1)
[[156.1019354]] --- (0.2, 0, 0.2, 0.6, 0)
[[156.16152478]] --- (0, 0.1, 0.6, 0.3, 0)
[[156.78661433]] --- (0.2, 0, 0.3, 0, 0.5)
[[156.79877238]] --- (0.2, 0, 0.3, 0.1, 0.4)
[[156.83268315]] --- (0.2, 0, 0.3, 0.2, 0.3)
[[156.88834664]] --- (0.2, 0, 0.3, 0.3, 0.2)
[[156.96576284]] --- (0.2, 0, 0.3, 0.4, 0.1)
[[157.06493175]] --- (0.2, 0, 0.3, 0.5, 0)
[[158.10051589]] --- (0, 0.1, 0.7, 0, 0.2)
[[158.13486679]] --- (0.2, 0, 0.4, 0, 0.4)
[[158.1544146]] --- (0.2, 0, 0.4, 0.1, 0.3)
[[158.15563848]] --- (0, 0.1, 0.7, 0.1, 0.1)
[[158.19571513]] --- (0.2, 0, 0.4, 0.2, 0.2)
[[158.23251378]] --- (0, 0.1, 0.7, 0.2, 0)
[[158.25876837]] --- (0.2, 0, 0.4, 0.3, 0.1)
[[158.34357433]] --- (0.2, 0, 0.4, 0.4, 0)
[[159.79179227]] --- (0.2, 0, 0.5, 0, 0.3)
[[159.81872985]] --- (0.2, 0, 0.5, 0.1, 0.2)
[[159.86742013]] --- (0.2, 0, 0.5, 0.2, 0.1)
[[159.93786313]] --- (0.2, 0, 0.5, 0.3, 0)
[[160.55663666]] --- (0, 0.1, 0.8, 0, 0.1)
[[160.61914901]] --- (0, 0.1, 0.8, 0.1, 0)
[[161.75739079]] --- (0.2, 0, 0.6, 0, 0.2)
[[161.79171812]] --- (0.2, 0, 0.6, 0.1, 0.1)
[[161.84779817]] --- (0.2, 0, 0.6, 0.2, 0)
[[163.32143047]] --- (0, 0.1, 0.9, 0, 0)
[[164.03166233]] --- (0.2, 0, 0.7, 0, 0.1)
[[164.07337942]] --- (0.2, 0, 0.7, 0.1, 0)
[[165.22685855]] --- (0.1, 0, 0, 0.1, 0.8)
[[165.23556501]] --- (0.1, 0, 0, 0, 0.9)
[[165.2399048]] --- (0.1, 0, 0, 0.2, 0.7)
[[165.27470376]] --- (0.1, 0, 0, 0.3, 0.6)
[[165.33125544]] --- (0.1, 0, 0, 0.4, 0.5)
[[165.40955984]] --- (0.1, 0, 0, 0.5, 0.4)
[[165.50961695]] --- (0.1, 0, 0, 0.6, 0.3)
[[165.59293996]] --- (0.1, 0, 0.1, 0.1, 0.7)
[[165.59425667]] --- (0.1, 0, 0.1, 0, 0.8)
[[165.61337597]] --- (0.1, 0, 0.1, 0.2, 0.6)
[[165.63142678]] --- (0.1, 0, 0, 0.7, 0.2)
[[165.65556469]] --- (0.1, 0, 0.1, 0.3, 0.5)
[[165.71950613]] --- (0.1, 0, 0.1, 0.4, 0.4)
[[165.77498932]] --- (0.1, 0, 0, 0.8, 0.1)
[[165.80520029]] --- (0.1, 0, 0.1, 0.5, 0.3)
[[165.91264716]] --- (0.1, 0, 0.1, 0.6, 0.2)
[[165.94030458]] --- (0.1, 0, 0, 0.9, 0)
[[166.04184674]] --- (0.1, 0, 0.1, 0.7, 0.1)
[[166.19279904]] --- (0.1, 0, 0.1, 0.8, 0)
[[166.26162135]] --- (0.1, 0, 0.2, 0, 0.7)
[[166.2676944]] --- (0.1, 0, 0.2, 0.1, 0.6)
[[166.29552017]] --- (0.1, 0, 0.2, 0.2, 0.5)
[[166.34509865]] --- (0.1, 0, 0.2, 0.3, 0.4)
[[166.41642985]] --- (0.1, 0, 0.2, 0.4, 0.3)
[[166.50951376]] --- (0.1, 0, 0.2, 0.5, 0.2)
[[166.61460691]] --- (0.2, 0, 0.8, 0, 0)
[[166.62435039]] --- (0.1, 0, 0.2, 0.6, 0.1)
[[166.76093974]] --- (0.1, 0, 0.2, 0.7, 0)
[[167.23765906]] --- (0.1, 0, 0.3, 0, 0.6)
[[167.25112187]] --- (0.1, 0, 0.3, 0.1, 0.5)
[[167.2863374]] --- (0.1, 0, 0.3, 0.2, 0.4)
[[167.34330564]] --- (0.1, 0, 0.3, 0.3, 0.3)
[[167.4220266]] --- (0.1, 0, 0.3, 0.4, 0.2)
[[167.52250027]] --- (0.1, 0, 0.3, 0.5, 0.1)
[[167.64472666]] --- (0.1, 0, 0.3, 0.6, 0)
[[168.5223698]] --- (0.1, 0, 0.4, 0, 0.5)
[[168.54322237]] --- (0.1, 0, 0.4, 0.1, 0.4)
[[168.58582766]] --- (0.1, 0, 0.4, 0.2, 0.3)
[[168.65018565]] --- (0.1, 0, 0.4, 0.3, 0.2)
[[168.73629637]] --- (0.1, 0, 0.4, 0.4, 0.1)
[[168.8441598]] --- (0.1, 0, 0.4, 0.5, 0)
[[170.11575357]] --- (0.1, 0, 0.5, 0, 0.4)
[[170.1439959]] --- (0.1, 0, 0.5, 0.1, 0.3)
[[170.19399094]] --- (0.1, 0, 0.5, 0.2, 0.2)
[[170.2657387]] --- (0.1, 0, 0.5, 0.3, 0.1)
[[170.35923917]] --- (0.1, 0, 0.5, 0.4, 0)
[[172.01781037]] --- (0.1, 0, 0.6, 0, 0.3)
[[172.05344245]] --- (0.1, 0, 0.6, 0.1, 0.2)
[[172.11082726]] --- (0.1, 0, 0.6, 0.2, 0.1)
[[172.18996477]] --- (0.1, 0, 0.6, 0.3, 0)
[[174.22854019]] --- (0.1, 0, 0.7, 0, 0.2)
[[174.27156204]] --- (0.1, 0, 0.7, 0.1, 0.1)
[[174.3363366]] --- (0.1, 0, 0.7, 0.2, 0)
[[176.74794305]] --- (0.1, 0, 0.8, 0, 0.1)
[[176.79835465]] --- (0.1, 0, 0.8, 0.1, 0)
[[177.10881762]] --- (0, 0, 0, 0.1, 0.9)
[[177.11621933]] --- (0, 0, 0, 0, 1)
[[177.12316863]] --- (0, 0, 0, 0.2, 0.8)
[[177.15927235]] --- (0, 0, 0, 0.3, 0.7)
[[177.21712878]] --- (0, 0, 0, 0.4, 0.6)
[[177.29673794]] --- (0, 0, 0, 0.5, 0.5)
[[177.3980998]] --- (0, 0, 0, 0.6, 0.4)
[[177.41135732]] --- (0, 0, 0.1, 0.1, 0.8)
[[177.41136927]] --- (0, 0, 0.1, 0, 0.9)
[[177.43309808]] --- (0, 0, 0.1, 0.2, 0.7)
[[177.47659156]] --- (0, 0, 0.1, 0.3, 0.6)
[[177.52121439]] --- (0, 0, 0, 0.7, 0.3)
[[177.54183776]] --- (0, 0, 0.1, 0.4, 0.5)
[[177.62883667]] --- (0, 0, 0.1, 0.5, 0.4)
[[177.66608169]] --- (0, 0, 0, 0.8, 0.2)
[[177.73758829]] --- (0, 0, 0.1, 0.6, 0.3)
[[177.8327017]] --- (0, 0, 0, 0.9, 0.1)
[[177.86809263]] --- (0, 0, 0.1, 0.7, 0.2)
[[178.01519223]] --- (0, 0, 0.2, 0, 0.8)
[[178.02034969]] --- (0, 0, 0.1, 0.8, 0.1)
[[178.02107443]] --- (0, 0, 0, 1, 0)
[[178.02257004]] --- (0, 0, 0.2, 0.1, 0.7)
[[178.05170056]] --- (0, 0, 0.2, 0.2, 0.6)
[[178.1025838]] --- (0, 0, 0.2, 0.3, 0.5)
[[178.17521976]] --- (0, 0, 0.2, 0.4, 0.4)
[[178.19435946]] --- (0, 0, 0.1, 0.9, 0)
[[178.26960842]] --- (0, 0, 0.2, 0.5, 0.3)
[[178.38574981]] --- (0, 0, 0.2, 0.6, 0.2)
[[178.52364391]] --- (0, 0, 0.2, 0.7, 0.1)
[[178.68329073]] --- (0, 0, 0.2, 0.8, 0)
[[178.92768823]] --- (0, 0, 0.3, 0, 0.7)
[[178.94245579]] --- (0, 0, 0.3, 0.1, 0.6)
[[178.97897607]] --- (0, 0, 0.3, 0.2, 0.5)
[[179.03724907]] --- (0, 0, 0.3, 0.3, 0.4)
[[179.11727478]] --- (0, 0, 0.3, 0.4, 0.3)
[[179.21905321]] --- (0, 0, 0.3, 0.5, 0.2)
[[179.34258435]] --- (0, 0, 0.3, 0.6, 0.1)
[[179.48786821]] --- (0, 0, 0.3, 0.7, 0)
[[179.57601893]] --- (0.1, 0, 0.9, 0, 0)
[[180.14885725]] --- (0, 0, 0.4, 0, 0.6)
[[180.17101457]] --- (0, 0, 0.4, 0.1, 0.5)
[[180.21492461]] --- (0, 0, 0.4, 0.2, 0.4)
[[180.28058737]] --- (0, 0, 0.4, 0.3, 0.3)
[[180.36800284]] --- (0, 0, 0.4, 0.4, 0.2)
[[180.47717103]] --- (0, 0, 0.4, 0.5, 0.1)
[[180.60809193]] --- (0, 0, 0.4, 0.6, 0)
[[181.6786993]] --- (0, 0, 0.5, 0, 0.5)
[[181.70824638]] --- (0, 0, 0.5, 0.1, 0.4)
[[181.75954618]] --- (0, 0, 0.5, 0.2, 0.3)
[[181.83259869]] --- (0, 0, 0.5, 0.3, 0.2)
[[181.92740392]] --- (0, 0, 0.5, 0.4, 0.1)
[[182.04396187]] --- (0, 0, 0.5, 0.5, 0)
[[183.51721438]] --- (0, 0, 0.6, 0, 0.4)
[[183.55415122]] --- (0, 0, 0.6, 0.1, 0.3)
[[183.61284078]] --- (0, 0, 0.6, 0.2, 0.2)
[[183.69328305]] --- (0, 0, 0.6, 0.3, 0.1)
[[183.79547804]] --- (0, 0, 0.6, 0.4, 0)
[[185.66440248]] --- (0, 0, 0.7, 0, 0.3)
[[185.70872908]] --- (0, 0, 0.7, 0.1, 0.2)
[[185.7748084]] --- (0, 0, 0.7, 0.2, 0.1)
[[185.86264043]] --- (0, 0, 0.7, 0.3, 0)
[[188.12026362]] --- (0, 0, 0.8, 0, 0.2)
[[188.17197998]] --- (0, 0, 0.8, 0.1, 0.1)
[[188.24544905]] --- (0, 0, 0.8, 0.2, 0)
[[190.88479778]] --- (0, 0, 0.9, 0, 0.1)
[[190.9439039]] --- (0, 0, 0.9, 0.1, 0)
[[193.95800497]] --- (0, 0, 1, 0, 0)
